8192 148 219 10000 b
8192 148 219 10000 b
8192 148 219 10000 b
8192 148 219 10000 b
8192 148 219 10000 b
8192 148 219 10000 b
8192 148 219 10000 b
8192 148 219 10000 b
8192 148 219 10000 b
8192 148 219 10000 b
8192 148 219 10000 b
8192 148 219 10000 b
8192 148 219 10000 b
8192 148 219 10000 b
8192 148 219 10000 b
8192 148 219 10000 b
8192 148 219 10000 b
8192 148 219 10000 b
8192 148 219 10000 b
8192 148 219 10000 b
8192 148 219 10000 b
8192 148 219 10000 b
8192 148 219 10000 b
8192 148 219 10000 b
8192 148 219 10000 b
8192 148 219 10000 b
8192 148 219 10000 b
8192 148 219 10000 b
8192 148 219 10000 b
8192 148 219 10000 b
